rain1mman/rdann-1.asc
ncols         501
nrows         361
xllcorner     109.95
yllcorner     -45.05
cellsize      0.1
NODATA_value  -9999
[rows 265 to 317 of 361, columns 192 to 287 of 501]
98 98 98 99 99 99 99 100 100 100 100 101 101 101 101 102 102 102 102 103 103 103 103 104 104 104 104 105 105 105 105 106 106 106 106 106 107 107 107 107 107 107 108 108 108 108 108 108 108 108 108 108 108 108 108 108 108 107 107 107 107 107 106 106 106 106 105 105 105 104 104 103 103 102 101 99 97 94 92 89 87 85 84 83 84 84 85 86 87 88 90 104 106 100 103 92
99 99 100 100 100 100 101 101 101 101 102 102 102 102 103 103 103 103 104 104 104 105 105 105 105 106 106 106 106 106 107 107 107 107 108 108 108 108 108 108 109 109 109 109 109 109 109 109 109 109 109 109 109 109 109 109 109 109 109 109 109 108 108 108 108 108 107 107 107 107 106 106 106 105 104 102 100 97 95 92 89 98 86 86 86 86 87 88 89 90 113 111 110 103 97 89
100 101 101 101 101 102 102 102 102 103 103 103 104 104 104 104 105 105 105 105 106 106 106 106 107 107 107 107 108 108 108 108 108 109 109 109 109 109 110 110 110 110 110 110 110 111 111 111 111 111 111 111 111 111 111 111 111 111 111 110 110 110 110 110 110 110 109 109 109 109 109 108 108 108 107 105 102 107 107 95 96 95 90 88 88 88 89 89 90 91 91 92 93 93 92 91
102 102 102 103 103 103 103 104 104 104 104 105 105 105 105 106 106 106 106 107 107 107 107 108 108 108 108 109 109 109 109 110 110 110 110 110 111 111 111 111 111 111 112 112 112 112 112 112 112 112 112 112 112 112 112 112 112 112 112 112 112 112 112 112 111 111 111 111 111 111 111 111 110 110 111 117 118 107 104 104 102 94 93 92 92 93 91 95 99 91 92 93 94 94 93 92
103 103 104 104 104 104 105 105 105 105 106 106 106 106 107 107 107 107 108 108 108 108 109 109 109 109 110 110 110 110 111 111 111 111 112 112 112 112 112 112 113 113 113 113 113 113 113 113 114 114 114 114 114 114 114 114 114 114 114 114 113 113 113 113 113 113 113 113 113 113 112 112 112 111 114 113 109 110 109 106 98 95 95 94 93 93 93 93 93 93 93 94 94 94 94 93
105 105 105 105 105 106 106 106 106 107 107 107 107 108 108 108 108 109 109 109 110 110 110 110 111 111 111 111 111 112 112 112 112 113 113 113 113 113 114 114 114 114 114 114 114 115 115 115 115 115 115 115 115 115 115 115 115 115 115 115 115 115 115 115 115 115 115 114 114 114 114 114 113 113 112 119 109 107 104 103 99 98 98 97 95 95 95 95 94 95 95 95 96 95 95 94
106 106 106 107 107 107 107 108 108 108 108 109 109 109 109 110 110 110 110 111 111 111 111 112 112 112 112 113 113 113 113 113 114 114 114 114 114 115 115 115 115 115 116 116 116 116 116 116 116 116 116 116 116 117 117 117 117 117 117 117 116 116 116 116 116 116 116 116 116 116 115 115 115 114 113 111 110 108 106 104 102 100 99 98 98 97 97 97 97 97 97 97 97 97 96 95
107 107 108 108 108 108 109 109 109 109 110 110 110 110 111 111 111 111 112 112 112 112 113 113 113 113 114 114 114 114 115 115 115 115 115 116 116 116 116 116 117 117 117 117 117 117 117 117 118 118 118 118 118 118 118 118 118 118 118 118 118 118 118 118 118 118 118 117 117 117 117 116 116 115 114 113 111 110 108 106 104 103 102 101 100 100 99 99 99 98 98 98 98 98 97 96
109 109 109 109 109 110 110 110 110 111 111 111 111 112 112 112 112 113 113 113 113 114 114 114 114 115 115 115 115 116 116 116 116 116 117 117 117 117 117 118 118 118 118 118 118 119 119 119 119 119 119 119 119 119 119 119 119 119 119 119 119 119 119 119 119 119 119 119 119 118 118 117 117 116 115 114 113 111 110 108 107 105 104 103 103 102 101 101 101 100 100 100 100 99 99 98
110 110 110 111 111 111 111 111 112 112 112 112 113 113 113 113 114 114 114 114 115 115 115 115 116 116 116 116 117 117 117 117 117 118 118 118 118 119 119 119 119 119 119 120 120 120 120 120 120 120 120 120 121 121 121 121 121 121 121 121 121 121 121 121 120 120 120 120 120 119 119 119 118 117 116 115 114 113 111 110 109 108 107 106 105 104 104 103 103 102 102 102 101 101 100 99
111 111 112 112 112 112 113 113 113 113 114 114 114 114 114 115 115 115 115 116 116 116 116 117 117 117 117 118 118 118 118 119 119 119 119 119 120 120 120 120 120 121 121 121 121 121 121 121 121 122 122 122 122 122 122 122 122 122 122 122 122 122 122 122 122 122 121 121 121 121 120 120 119 118 118 117 116 114 113 112 111 110 109 108 107 106 106 105 105 104 104 103 103 102 101 101
113 113 113 113 113 114 114 114 114 115 115 115 115 116 116 116 116 116 117 117 117 117 118 118 118 118 119 119 119 119 120 120 120 120 120 121 121 121 121 121 122 122 122 122 122 122 123 123 123 123 123 123 123 123 123 123 123 123 123 123 123 123 123 123 123 123 123 123 122 122 121 121 120 120 119 118 117 116 115 114 113 112 111 110 109 108 108 107 107 106 105 105 104 104 103 102
114 114 114 115 115 115 115 115 116 116 116 116 117 117 117 117 118 118 118 118 118 119 119 119 119 120 120 120 120 121 121 121 121 121 122 122 122 122 122 123 123 123 123 123 123 124 124 124 124 124 124 124 124 124 125 125 125 125 125 125 125 125 124 124 124 124 124 124 123 123 123 122 122 121 120 119 118 118 117 116 115 114 113 112 111 110 110 109 108 108 107 107 106 105 105 104
115 115 116 116 116 116 116 117 117 117 117 118 118 118 118 119 119 119 119 119 120 120 120 120 121 121 121 121 122 122 122 122 123 123 123 123 123 124 124 124 124 124 124 125 125 125 125 125 125 125 125 126 126 126 126 126 126 126 126 126 126 126 126 126 126 125 125 125 125 124 124 123 123 122 122 121 120 119 118 117 116 115 115 114 113 112 112 111 110 110 109 108 108 107 106 105
116 117 117 117 117 118 118 118 118 118 119 119 119 119 120 120 120 120 121 121 121 121 121 122 122 122 122 123 123 123 123 124 124 124 124 124 125 125 125 125 125 126 126 126 126 126 126 126 127 127 127 127 127 127 127 127 127 127 127 127 127 127 127 127 127 127 126 126 126 125 125 125 124 124 123 122 121 121 120 119 118 117 116 116 115 114 113 113 112 112 111 110 110 109 108 107
118 118 118 118 119 119 119 119 119 120 120 120 120 121 121 121 121 122 122 122 122 122 123 123 123 123 124 124 124 124 125 125 125 125 125 126 126 126 126 126 127 127 127 127 127 127 127 128 128 128 128 128 128 128 128 128 128 128 128 128 128 128 128 128 128 128 128 127 127 127 126 126 125 125 124 124 123 122 121 120 120 119 118 117 117 116 115 115 114 113 113 112 111 111 110 109
119 119 119 120 120 120 120 121 121 121 121 121 122 122 122 122 123 123 123 123 123 124 124 124 124 125 125 125 125 126 126 126 126 126 127 127 127 127 127 128 128 128 128 128 128 129 129 129 129 129 129 129 129 129 129 130 130 130 130 130 130 129 129 129 129 129 129 129 128 128 128 127 127 126 126 125 124 124 123 122 121 121 120 119 118 118 117 117 116 115 115 114 113 113 112 111
120 121 121 121 121 121 122 122 122 122 122 123 123 123 123 124 124 124 124 124 125 125 125 125 126 126 126 126 127 127 127 127 127 128 128 128 128 128 129 129 129 129 129 129 130 130 130 130 130 130 130 130 131 131 131 131 131 131 131 131 131 131 131 130 130 130 130 130 129 129 129 128 128 127 127 126 126 125 124 124 123 122 122 121 120 120 119 118 118 117 116 116 115 114 114 113
122 122 122 122 122 123 123 123 123 123 124 124 124 124 125 125 125 125 125 126 126 126 126 127 127 127 127 128 128 128 128 128 129 129 129 129 129 130 130 130 130 130 131 131 131 131 131 131 131 131 132 132 132 132 132 132 132 132 132 132 132 132 132 132 132 131 131 131 131 130 130 130 129 129 128 128 127 126 126 125 125 124 123 123 122 121 121 120 120 119 118 118 117 116 116 115
123 123 123 123 124 124 124 124 125 125 125 125 125 126 126 126 126 126 127 127 127 127 128 128 128 128 129 129 129 129 129 130 130 130 130 130 131 131 131 131 131 132 132 132 132 132 132 132 133 133 133 133 133 133 133 133 133 133 133 133 133 133 133 133 133 133 132 132 132 132 131 131 130 130 130 129 129 128 127 127 126 126 125 124 124 123 123 122 121 121 120 120 119 118 118 117
124 124 125 125 125 125 125 126 126 126 126 126 127 127 127 127 127 128 128 128 128 129 129 129 129 130 130 130 130 130 131 131 131 131 131 132 132 132 132 132 133 133 133 133 133 133 134 134 134 134 134 134 134 134 134 134 134 134 134 134 134 134 134 134 134 134 134 133 133 133 133 132 132 131 131 130 130 129 129 128 128 127 127 126 125 125 124 124 123 123 122 121 121 120 120 119
125 126 126 126 126 126 127 127 127 127 127 128 128 128 128 128 129 129 129 129 130 130 130 130 130 131 131 131 131 132 132 132 132 132 133 133 133 133 133 134 134 134 134 134 134 135 135 135 135 135 135 135 135 135 135 136 136 136 136 136 135 135 135 135 135 135 135 135 134 134 134 133 133 133 132 132 131 131 130 130 129 129 128 128 127 127 126 126 125 124 124 123 123 122 122 121
127 127 127 127 127 128 128 128 128 128 129 129 129 129 129 130 130 130 130 131 131 131 131 131 132 132 132 132 133 133 133 133 133 134 134 134 134 134 135 135 135 135 135 135 136 136 136 136 136 136 136 136 137 137 137 137 137 137 137 137 137 137 137 136 136 136 136 136 136 135 135 135 134 134 134 133 133 132 132 131 131 130 130 129 129 128 128 127 127 126 126 125 125 124 124 123
128 128 128 129 129 129 129 129 129 130 130 130 130 130 131 131 131 131 132 132 132 132 132 133 133 133 133 134 134 134 134 134 135 135 135 135 135 136 136 136 136 136 136 137 137 137 137 137 137 137 138 138 138 138 138 138 138 138 138 138 138 138 138 138 138 137 137 137 137 137 136 136 136 135 135 135 134 134 133 133 132 132 131 131 131 130 130 129 129 128 128 127 127 126 126 125
129 129 130 130 130 130 130 130 131 131 131 131 131 132 132 132 132 133 133 133 133 133 134 134 134 134 134 135 135 135 135 136 136 136 136 136 137 137 137 137 137 137 138 138 138 138 138 138 138 139 139 139 139 139 139 139 139 139 139 139 139 139 139 139 139 139 138 138 138 138 138 137 137 137 136 136 136 135 135 134 134 134 133 133 132 132 131 131 130 130 129 129 129 128 128 127
130 131 131 131 131 131 132 132 132 132 132 132 133 133 133 133 134 134 134 134 134 135 135 135 135 135 136 136 136 136 137 137 137 137 137 138 138 138 138 138 138 139 139 139 139 139 139 139 140 140 140 140 140 140 140 140 140 140 140 140 140 140 140 140 140 140 140 139 139 139 139 139 138 138 138 137 137 137 136 136 136 135 135 134 134 133 133 133 132 132 131 131 130 130 130 129
132 132 132 132 132 133 133 133 133 133 133 134 134 134 134 135 135 135 135 135 136 136 136 136 136 137 137 137 137 137 138 138 138 138 138 139 139 139 139 139 140 140 140 140 140 140 141 141 141 141 141 141 141 141 141 141 141 141 141 141 141 141 141 141 141 141 141 141 141 140 140 140 140 139 139 139 138 138 138 137 137 137 136 136 135 135 135 134 134 134 133 133 132 132 132 131
133 133 133 133 134 134 134 134 134 134 135 135 135 135 135 136 136 136 136 137 137 137 137 137 138 138 138 138 138 139 139 139 139 139 140 140 140 140 140 141 141 141 141 141 141 142 142 142 142 142 142 142 142 142 142 142 143 143 143 143 143 143 142 142 142 142 142 142 142 142 141 141 141 141 140 140 140 140 139 139 139 138 138 137 137 137 136 136 136 135 135 135 134 134 134 133
134 134 134 135 135 135 135 135 136 136 136 136 136 136 137 137 137 137 137 138 138 138 138 139 139 139 139 139 140 140 140 140 140 141 141 141 141 141 142 142 142 142 142 142 143 143 143 143 143 143 143 143 143 144 144 144 144 144 144 144 144 144 144 144 144 143 143 143 143 143 143 142 142 142 142 142 141 141 141 140 140 140 139 139 139 138 138 138 137 137 137 136 136 136 136 135
135 135 136 136 136 136 136 137 137 137 137 137 137 138 138 138 138 138 139 139 139 139 139 140 140 140 140 141 141 141 141 141 142 142 142 142 142 142 143 143 143 143 143 143 144 144 144 144 144 144 144 144 145 145 145 145 145 145 145 145 145 145 145 145 145 145 145 144 144 144 144 144 144 143 143 143 143 142 142 142 142 141 141 141 140 140 140 139 139 139 139 138 138 138 137 137
137 137 137 137 137 137 138 138 138 138 138 138 139 139 139 139 139 140 140 140 140 140 141 141 141 141 141 142 142 142 142 142 143 143 143 143 143 144 144 144 144 144 144 145 145 145 145 145 145 145 146 146 146 146 146 146 146 146 146 146 146 146 146 146 146 146 146 146 146 145 145 145 145 145 144 144 144 144 144 143 143 143 142 142 142 142 141 141 141 141 140 140 140 140 139 139
138 138 138 138 138 139 139 139 139 139 139 140 140 140 140 140 141 141 141 141 141 142 142 142 142 142 143 143 143 143 143 144 144 144 144 144 145 145 145 145 145 145 146 146 146 146 146 146 146 147 147 147 147 147 147 147 147 147 147 147 147 147 147 147 147 147 147 147 147 147 146 146 146 146 146 146 145 145 145 145 145 144 144 144 144 143 143 143 143 142 142 142 142 141 141 141
139 139 139 139 140 140 140 140 140 140 141 141 141 141 141 142 142 142 142 142 143 143 143 143 143 144 144 144 144 144 145 145 145 145 145 146 146 146 146 146 146 147 147 147 147 147 147 147 148 148 148 148 148 148 148 148 148 148 148 148 148 148 148 148 148 148 148 148 148 148 148 148 147 147 147 147 147 147 146 146 146 146 146 145 145 145 145 144 144 144 144 144 143 143 143 143
140 140 140 141 141 141 141 141 141 142 142 142 142 142 142 143 143 143 143 143 144 144 144 144 144 145 145 145 145 145 146 146 146 146 146 147 147 147 147 147 148 148 148 148 148 148 148 149 149 149 149 149 149 149 149 149 149 149 149 150 150 150 150 150 149 149 149 149 149 149 149 149 149 149 148 148 148 148 148 148 147 147 147 147 147 146 146 146 146 146 145 145 145 145 145 145
141 141 142 142 142 142 142 142 143 143 143 143 143 143 144 144 144 144 144 145 145 145 145 145 146 146 146 146 146 147 147 147 147 147 148 148 148 148 148 148 149 149 149 149 149 149 150 150 150 150 150 150 150 150 150 150 151 151 151 151 151 151 151 151 151 151 151 151 150 150 150 150 150 150 150 150 150 149 149 149 149 149 149 148 148 148 148 148 147 147 147 147 147 147 147 146
142 143 143 143 143 143 143 144 144 144 144 144 144 145 145 145 145 145 146 146 146 146 146 147 147 147 147 147 148 148 148 148 148 148 149 149 149 149 149 150 150 150 150 150 150 151 151 151 151 151 151 151 151 151 152 152 152 152 152 152 152 152 152 152 152 152 152 152 152 152 152 151 151 151 151 151 151 151 151 150 150 150 150 150 150 150 149 149 149 149 149 149 149 148 148 148
144 144 144 144 144 144 145 145 145 145 145 145 146 146 146 146 146 146 147 147 147 147 147 148 148 148 148 148 149 149 149 149 149 150 150 150 150 150 150 151 151 151 151 151 151 152 152 152 152 152 152 152 152 153 153 153 153 153 153 153 153 153 153 153 153 153 153 153 153 153 153 153 153 153 152 152 152 152 152 152 152 152 151 151 151 151 151 151 151 151 150 150 150 150 150 150
145 145 145 145 145 145 146 146 146 146 146 146 147 147 147 147 147 148 148 148 148 148 149 149 149 149 149 150 150 150 150 150 150 151 151 151 151 151 152 152 152 152 152 152 153 153 153 153 153 153 153 153 154 154 154 154 154 154 154 154 154 154 154 154 154 154 154 154 154 154 154 154 154 154 154 154 154 153 153 153 153 153 153 153 153 153 152 152 152 152 152 152 152 152 152 152
146 146 146 146 146 147 147 147 147 147 147 148 148 148 148 148 149 149 149 149 149 149 150 150 150 150 150 151 151 151 151 151 152 152 152 152 152 153 153 153 153 153 153 154 154 154 154 154 154 154 154 155 155 155 155 155 155 155 155 155 155 155 155 155 155 155 155 155 155 155 155 155 155 155 155 155 155 155 155 155 155 154 154 154 154 154 154 154 154 154 154 154 154 153 153 153
147 147 147 147 148 148 148 148 148 148 149 149 149 149 149 149 150 150 150 150 150 151 151 151 151 151 152 152 152 152 152 152 153 153 153 153 153 154 154 154 154 154 154 155 155 155 155 155 155 155 156 156 156 156 156 156 156 156 156 156 156 156 157 157 157 157 157 157 157 157 157 156 156 156 156 156 156 156 156 156 156 156 156 156 156 156 156 155 155 155 155 155 155 155 155 155
148 148 148 149 149 149 149 149 149 150 150 150 150 150 150 151 151 151 151 151 151 152 152 152 152 152 153 153 153 153 153 154 154 154 154 154 154 155 155 155 155 155 156 156 156 156 156 156 156 157 157 157 157 157 157 157 157 157 157 158 158 158 158 158 158 158 158 158 158 158 158 158 158 158 158 158 158 157 157 157 157 157 157 157 157 157 157 157 157 157 157 157 157 157 157 157
149 149 150 150 150 150 150 150 150 151 151 151 151 151 151 152 152 152 152 152 153 153 153 153 153 154 154 154 154 154 154 155 155 155 155 155 156 156 156 156 156 156 157 157 157 157 157 157 157 158 158 158 158 158 158 158 158 158 159 159 159 159 159 159 159 159 159 159 159 159 159 159 159 159 159 159 159 159 159 159 159 159 159 159 159 158 158 158 158 158 158 158 158 158 158 158
150 151 151 151 151 151 151 151 152 152 152 152 152 152 153 153 153 153 153 153 154 154 154 154 154 155 155 155 155 155 156 156 156 156 156 156 157 157 157 157 157 158 158 158 158 158 158 158 159 159 159 159 159 159 159 159 160 160 160 160 160 160 160 160 160 160 160 160 160 160 160 160 160 160 160 160 160 160 160 160 160 160 160 160 160 160 160 160 160 160 160 160 160 160 160 160
152 152 152 152 152 152 152 153 153 153 153 153 153 154 154 154 154 154 154 155 155 155 155 155 156 156 156 156 156 156 157 157 157 157 157 158 158 158 158 158 158 159 159 159 159 159 159 160 160 160 160 160 160 160 160 161 161 161 161 161 161 161 161 161 161 161 161 161 161 161 161 161 161 161 161 161 161 161 161 161 161 161 161 161 161 161 161 161 161 161 161 161 161 161 161 161
153 153 153 153 153 153 153 154 154 154 154 154 154 155 155 155 155 155 155 156 156 156 156 156 157 157 157 157 157 158 158 158 158 158 158 159 159 159 159 159 159 160 160 160 160 160 160 161 161 161 161 161 161 161 161 162 162 162 162 162 162 162 162 162 162 162 162 163 163 163 163 163 163 163 163 163 163 163 163 163 163 163 163 163 163 163 163 163 163 163 163 163 163 163 163 163
154 154 154 154 154 154 155 155 155 155 155 155 156 156 156 156 156 156 157 157 157 157 157 157 158 158 158 158 158 159 159 159 159 159 159 160 160 160 160 160 161 161 161 161 161 161 162 162 162 162 162 162 162 162 163 163 163 163 163 163 163 163 163 163 163 164 164 164 164 164 164 164 164 164 164 164 164 164 164 164 164 164 164 164 164 164 164 164 164 164 164 164 164 164 164 165
155 155 155 155 155 155 156 156 156 156 156 156 157 157 157 157 157 157 158 158 158 158 158 159 159 159 159 159 159 160 160 160 160 160 161 161 161 161 161 161 162 162 162 162 162 162 163 163 163 163 163 163 163 164 164 164 164 164 164 164 164 164 164 165 165 165 165 165 165 165 165 165 165 165 165 165 165 165 165 165 165 165 165 165 165 166 166 166 166 166 166 166 166 166 166 166
156 156 156 156 156 157 157 157 157 157 157 157 158 158 158 158 158 158 159 159 159 159 159 160 160 160 160 160 160 161 161 161 161 161 162 162 162 162 162 162 163 163 163 163 163 163 164 164 164 164 164 164 164 165 165 165 165 165 165 165 165 166 166 166 166 166 166 166 166 166 166 166 166 166 166 166 166 167 167 167 167 167 167 167 167 167 167 167 167 167 167 167 167 167 167 167
157 157 157 157 157 158 158 158 158 158 158 159 159 159 159 159 159 160 160 160 160 160 160 161 161 161 161 161 162 162 162 162 162 162 163 163 163 163 163 164 164 164 164 164 164 165 165 165 165 165 165 165 166 166 166 166 166 166 166 166 167 167 167 167 167 167 167 167 167 167 167 167 167 168 168 168 168 168 168 168 168 168 168 168 168 168 168 168 168 168 169 169 169 169 169 169
158 158 158 158 159 159 159 159 159 159 159 160 160 160 160 160 160 161 161 161 161 161 161 162 162 162 162 162 163 163 163 163 163 163 164 164 164 164 164 165 165 165 165 165 165 166 166 166 166 166 166 166 167 167 167 167 167 167 167 167 168 168 168 168 168 168 168 168 168 168 169 169 169 169 169 169 169 169 169 169 169 169 169 169 169 170 170 170 170 170 170 170 170 170 170 170
159 159 159 159 160 160 160 160 160 160 160 161 161 161 161 161 161 162 162 162 162 162 163 163 163 163 163 163 164 164 164 164 164 165 165 165 165 165 165 166 166 166 166 166 166 167 167 167 167 167 167 168 168 168 168 168 168 168 168 169 169 169 169 169 169 169 169 169 170 170 170 170 170 170 170 170 170 170 170 170 170 171 171 171 171 171 171 171 171 171 171 171 171 172 172 172
160 160 160 161 161 161 161 161 161 161 162 162 162 162 162 162 163 163 163 163 163 163 164 164 164 164 164 164 165 165 165 165 165 166 166 166 166 166 166 167 167 167 167 167 167 168 168 168 168 168 168 169 169 169 169 169 169 169 170 170 170 170 170 170 170 170 170 171 171 171 171 171 171 171 171 171 171 171 172 172 172 172 172 172 172 172 172 172 172 172 173 173 173 173 173 173
161 161 161 162 162 162 162 162 162 162 163 163 163 163 163 163 164 164 164 164 164 164 165 165 165 165 165 165 166 166 166 166 166 167 167 167 167 167 167 168 168 168 168 168 169 169 169 169 169 169 169 170 170 170 170 170 170 170 171 171 171 171 171 171 171 171 172 172 172 172 172 172 172 172 172 172 173 173 173 173 173 173 173 173 173 173 173 174 174 174 174 174 174 174 174 174
