rain1mman/rdann-1.asc
ncols         501
nrows         361
xllcorner     109.95
yllcorner     -45.05
cellsize      0.1
NODATA_value  -9999
[rows 159 to 211 of 361, columns 384 to 479 of 501]
50 50 48 51 48 52 55 50 46 46 48 48 48 44 44 45 43 43 44 49 50 49 53 50 51 58 58 55 59 65 64 67 66 65 68 67 68 71 74 77 81 85 89 94 98 103 108 112 115 118 120 122 123 124 125 127 128 129 130 131 131 132 133 134 135 136 136 137 138 138 139 140 140 141 142 142 143 143 144 144 145 145 146 146 147 147 148 148 149 149 150 150 151 151 152 152
48 49 49 49 53 51 50 50 50 51 49 47 48 50 46 44 44 43 46 47 49 50 53 51 50 54 55 54 59 61 62 68 64 65 65 67 70 70 74 77 81 84 88 93 97 102 106 110 114 120 119 121 122 124 125 126 127 128 129 130 131 132 133 134 135 135 136 137 138 138 139 140 140 141 142 142 143 143 144 144 145 145 146 146 147 147 148 148 149 149 150 150 151 151 152 152
50 51 51 50 50 53 52 52 53 52 52 48 46 46 48 48 46 44 44 46 48 49 52 51 51 52 54 54 56 58 61 67 67 73 69 68 68 72 74 77 80 84 88 92 96 101 105 109 116 116 118 120 121 123 124 126 127 128 129 130 131 132 133 134 135 135 136 137 138 138 139 140 140 141 142 142 143 143 144 144 145 145 146 147 147 148 148 149 149 149 150 150 151 151 152 152
53 53 52 51 51 52 55 52 51 52 47 46 46 46 47 50 47 46 44 47 49 50 51 52 52 52 52 54 55 58 60 62 67 78 68 66 67 71 76 77 80 83 87 91 95 100 104 110 115 114 116 119 120 122 124 125 126 128 129 130 131 132 133 134 134 135 136 137 137 138 139 140 140 141 141 142 143 143 144 144 145 146 146 147 147 148 148 149 149 149 150 150 151 151 152 152
54 54 55 54 52 51 54 51 50 50 48 49 46 46 47 48 49 47 45 49 50 51 51 52 51 51 52 53 56 58 60 60 63 66 63 71 67 72 75 76 80 82 86 91 94 98 102 108 111 112 115 117 120 121 123 125 126 127 128 130 131 132 133 133 134 135 136 137 137 138 139 140 140 141 141 142 143 143 144 144 145 146 146 147 147 148 148 149 149 150 150 150 151 151 152 152
52 52 54 55 52 50 56 53 50 47 47 49 49 48 46 50 48 46 45 48 51 51 50 52 52 51 52 53 55 58 60 59 61 61 65 66 67 75 75 76 79 82 86 90 93 97 101 109 108 111 114 117 119 121 122 124 125 127 128 129 130 131 132 133 134 135 136 137 137 138 139 139 140 141 141 142 143 143 144 144 145 146 146 147 147 148 148 149 149 150 150 150 151 151 152 152
52 52 52 51 53 51 54 51 49 48 47 46 46 47 46 48 45 46 46 48 50 50 50 51 51 51 52 53 54 56 59 61 60 61 65 73 69 70 76 76 78 82 85 88 92 96 100 106 107 110 113 116 118 120 122 123 125 126 128 129 130 131 132 133 134 135 136 136 137 138 139 139 140 141 141 142 143 143 144 144 145 145 146 147 147 148 148 149 149 150 150 151 151 151 152 152
51 51 52 51 51 50 49 54 49 49 49 48 48 49 46 46 46 46 47 48 50 50 50 50 51 51 52 53 54 55 57 58 61 60 63 68 69 70 72 74 77 81 84 88 92 95 101 103 107 110 112 115 117 119 121 123 124 126 127 128 130 131 132 133 134 134 135 136 137 138 138 139 140 141 141 142 143 143 144 144 145 145 146 147 147 148 148 149 149 150 150 151 151 151 152 152
50 49 51 51 51 49 45 45 46 47 47 48 46 47 46 48 47 47 47 48 49 49 49 50 50 51 52 53 54 56 58 58 61 62 62 65 72 69 70 73 80 80 83 87 92 95 100 103 106 109 112 114 117 119 121 122 124 125 127 128 129 130 131 132 133 134 135 136 137 138 138 139 140 140 141 142 142 143 144 144 145 145 146 147 147 148 148 149 149 150 150 151 151 151 152 152
50 50 49 49 48 48 50 49 50 48 47 46 46 47 47 47 47 47 47 49 50 49 49 50 49 52 52 53 55 56 58 58 60 62 61 65 69 68 74 72 77 78 83 87 93 95 98 102 106 109 111 114 116 118 120 122 124 125 126 128 129 130 131 132 133 134 135 136 137 137 138 139 140 140 141 142 142 143 144 144 145 145 146 146 147 148 148 149 149 150 150 151 151 152 152 152
54 48 49 49 49 50 50 50 49 49 47 47 48 47 46 48 48 48 48 49 50 50 49 49 50 52 52 53 55 56 57 58 60 62 60 63 65 75 75 74 77 77 82 87 91 96 99 102 105 108 111 114 116 118 120 122 123 125 126 127 129 130 131 132 133 134 135 136 136 137 138 139 139 140 141 142 142 143 144 144 145 145 146 146 147 148 148 149 149 150 150 151 151 152 152 152
49 49 49 49 49 50 48 47 47 47 48 47 48 48 47 47 47 48 50 51 51 50 49 49 51 52 52 55 55 59 57 57 59 59 59 62 64 68 71 72 74 77 82 90 91 98 99 108 106 108 111 114 116 118 120 121 123 124 126 127 128 129 130 131 132 133 134 135 136 137 138 139 139 140 141 141 142 143 143 144 145 145 146 146 147 148 148 149 149 150 150 151 151 152 152 152
48 48 48 49 48 48 49 49 47 48 48 48 47 48 48 47 48 49 49 51 50 48 48 51 55 50 53 55 56 56 56 57 59 58 59 64 64 70 68 72 76 78 83 90 98 97 100 103 106 109 111 113 116 117 119 121 122 124 125 127 128 129 130 131 132 133 134 135 136 137 138 138 139 140 141 141 142 143 143 144 145 145 146 146 147 147 148 149 149 150 150 151 151 152 152 152
47 48 48 48 49 50 49 48 48 48 48 50 48 49 48 49 48 49 50 49 50 49 50 49 51 50 54 55 54 53 55 57 57 59 59 63 66 66 69 82 76 81 86 89 100 98 101 103 106 109 111 113 115 117 119 121 122 123 125 126 127 129 130 131 132 133 134 135 136 137 137 138 139 140 140 141 142 143 143 144 144 145 146 146 147 147 148 148 149 150 150 151 151 152 152 152
47 47 47 47 48 49 54 50 51 49 50 49 50 50 49 49 50 49 50 50 49 49 50 51 50 53 52 52 52 52 55 56 56 58 62 61 65 69 77 83 84 92 87 90 99 104 101 104 107 109 111 113 115 117 119 120 122 123 124 126 127 128 129 130 132 133 134 134 135 136 137 138 139 140 140 141 142 142 143 144 144 145 146 146 147 147 148 148 149 150 150 151 151 152 152 152
47 46 46 48 47 52 49 49 50 50 50 49 51 50 51 52 50 50 49 50 49 49 50 50 49 50 53 51 52 52 55 57 59 59 65 63 65 70 77 78 89 85 94 91 97 101 103 106 107 109 111 113 115 117 118 120 121 123 124 125 127 128 129 130 131 132 133 134 135 136 137 138 139 139 140 141 142 142 143 144 144 145 146 146 147 147 148 148 149 149 150 150 151 151 152 152
46 45 45 46 46 50 47 49 50 49 49 50 49 49 50 50 51 49 50 48 49 50 50 49 49 50 50 51 54 54 55 56 60 60 61 66 65 70 78 80 88 83 88 96 99 108 107 106 108 109 111 113 115 116 118 119 121 122 123 125 126 127 129 130 131 132 133 134 135 136 137 138 138 139 140 141 141 142 143 144 144 145 145 146 147 147 148 148 149 149 150 150 151 151 152 152
44 45 45 45 46 47 48 48 48 49 48 49 49 49 49 49 50 50 48 50 50 50 50 49 49 50 52 51 54 58 56 59 57 62 62 69 65 70 73 84 87 90 94 95 101 107 107 106 108 109 111 112 114 116 117 119 120 122 123 124 126 127 128 129 130 132 133 134 135 135 136 137 138 139 140 141 141 142 143 143 144 145 145 146 147 147 148 148 149 149 150 150 151 151 152 152
44 46 45 45 46 46 48 48 48 51 49 48 49 49 49 50 49 49 48 49 49 50 49 49 49 49 49 50 53 56 61 60 62 61 64 63 67 69 68 81 80 92 99 95 104 108 105 106 107 108 110 112 113 115 116 118 119 121 122 124 125 126 128 129 130 131 132 133 134 135 136 137 138 139 140 140 141 142 143 143 144 145 145 146 146 147 148 148 149 149 150 150 151 151 152 152
43 46 46 46 46 46 49 48 48 49 49 48 48 48 48 50 49 48 48 48 50 49 49 49 49 49 49 49 51 54 57 70 64 60 61 67 68 70 71 74 83 91 95 96 103 106 103 104 106 107 109 111 112 114 116 117 119 120 122 123 125 126 127 128 130 131 132 133 134 135 136 137 138 139 139 140 141 142 142 143 144 144 145 146 146 147 148 148 149 149 150 150 151 151 152 152
42 45 45 46 46 47 47 48 48 48 48 48 48 48 48 48 48 48 48 49 48 49 49 50 49 49 48 49 49 54 55 66 79 63 64 70 66 72 70 69 80 80 86 91 96 104 101 102 104 106 108 110 111 113 115 116 118 120 121 123 124 125 127 128 129 130 132 133 134 135 136 137 137 138 139 140 141 142 142 143 144 144 145 146 146 147 147 148 149 149 150 150 151 151 152 152
43 43 45 46 46 46 47 48 48 48 48 48 48 47 48 48 48 48 48 49 49 49 49 49 50 49 48 49 49 51 58 56 65 70 63 64 73 72 67 69 72 89 80 88 93 99 97 99 102 104 106 108 110 112 114 116 117 119 121 122 124 125 126 128 129 130 131 132 133 134 135 136 137 138 139 140 141 141 142 143 144 144 145 146 146 147 147 148 149 149 150 150 151 151 152 152
43 44 43 45 47 46 47 47 48 48 49 49 48 47 47 48 48 48 48 49 49 50 49 49 50 49 48 49 49 51 52 58 59 61 68 65 66 67 68 68 71 77 87 98 99 93 94 97 100 102 110 107 109 111 113 115 117 118 120 122 123 125 126 127 129 130 131 132 133 134 135 136 137 138 139 140 140 141 142 143 143 144 145 145 146 147 147 148 149 149 150 150 151 151 152 152
42 43 43 43 44 45 46 47 48 49 49 48 48 48 48 47 47 48 48 48 48 49 49 49 51 49 49 49 49 50 51 53 54 60 66 65 71 82 71 69 71 73 83 100 86 90 92 94 97 100 106 105 107 110 112 114 116 118 119 121 123 124 126 127 128 129 131 132 133 134 135 136 137 138 139 139 140 141 142 143 143 144 145 145 146 147 147 148 148 149 150 150 151 151 152 152
41 42 42 43 43 44 46 48 49 50 48 49 48 48 48 48 48 48 48 48 48 48 49 49 50 49 49 49 49 50 51 53 56 58 61 67 77 77 77 70 76 77 82 93 103 87 89 92 95 98 102 104 106 109 111 113 115 117 119 120 122 124 125 127 128 129 130 131 133 134 135 136 137 138 138 139 140 141 142 142 143 144 145 145 146 147 147 148 148 149 150 150 151 151 152 152
40 41 41 42 43 45 47 47 48 49 50 49 48 49 48 48 48 48 48 48 48 48 49 50 50 49 49 50 50 50 51 53 54 56 61 67 72 81 76 69 68 71 73 82 96 88 88 89 93 96 99 102 105 108 110 112 114 116 118 120 122 123 125 126 128 129 130 131 132 133 134 135 136 137 138 139 140 141 142 142 143 144 144 145 146 146 147 148 148 149 149 150 151 151 152 152
40 41 41 42 42 43 44 45 47 47 47 48 49 49 49 48 48 48 48 48 48 48 50 49 51 50 50 51 50 51 52 53 56 57 61 68 68 64 65 70 68 70 82 75 85 87 84 88 92 95 98 101 104 107 109 112 114 116 118 120 121 123 124 126 127 129 130 131 132 133 134 135 136 137 138 139 140 141 141 142 143 144 144 145 146 146 147 148 148 149 149 150 151 151 152 152
39 40 41 41 42 43 44 45 47 47 47 48 47 48 48 47 48 48 48 48 48 48 49 50 50 51 50 51 50 51 52 53 58 60 61 70 69 67 66 67 68 76 78 73 75 79 82 88 92 94 97 100 103 106 109 111 113 115 117 119 121 123 124 126 127 128 130 131 132 133 134 135 136 137 138 139 140 140 141 142 143 143 144 145 146 146 147 148 148 149 149 150 150 151 152 152
39 40 40 41 41 43 44 44 45 46 45 47 46 47 47 47 47 47 47 48 48 48 48 49 49 50 51 52 51 51 52 53 57 60 60 64 73 72 69 77 74 69 69 71 78 81 82 86 89 93 99 100 103 106 108 111 113 115 117 119 121 122 124 125 127 128 129 131 132 133 134 135 136 137 138 139 139 140 141 142 143 143 144 145 145 146 147 147 148 149 149 150 150 151 151 152
39 39 40 40 41 42 43 45 45 45 45 46 46 46 46 47 47 47 48 48 48 49 49 49 50 50 51 51 52 52 52 53 57 58 59 63 69 77 66 87 88 68 71 70 94 85 81 86 97 92 96 99 102 105 108 110 113 115 117 119 120 122 124 125 126 128 129 130 131 133 134 135 136 137 138 138 139 140 141 142 143 143 144 145 145 146 147 147 148 149 149 150 150 151 151 152
39 39 39 40 41 42 42 43 44 44 44 45 45 46 46 47 47 48 48 48 49 49 50 50 50 51 51 52 53 53 53 54 54 56 59 60 66 69 82 87 69 68 66 71 71 78 83 85 103 92 96 99 102 105 108 110 113 115 117 119 120 122 123 125 126 128 129 130 131 132 133 135 136 136 137 138 139 140 141 142 142 143 144 145 145 146 147 147 148 148 149 150 150 151 151 152
38 39 39 40 40 41 42 42 43 44 44 45 46 46 47 47 48 48 48 49 50 50 51 51 51 51 52 53 54 55 54 54 55 55 57 60 65 73 82 103 77 67 90 68 88 81 82 93 96 96 97 100 103 106 108 111 113 115 117 118 120 122 123 125 126 127 129 130 131 132 133 134 135 136 137 138 139 140 141 141 142 143 144 144 145 146 147 147 148 148 149 150 150 151 151 152
38 38 39 39 40 41 41 42 43 44 45 46 46 47 47 47 47 48 50 49 50 50 50 50 51 52 53 52 52 54 55 55 55 55 56 59 63 67 73 91 86 74 69 77 80 78 92 98 101 99 97 100 103 106 108 111 113 115 117 118 120 122 123 125 126 127 129 130 131 132 133 134 135 136 137 138 139 140 141 141 142 143 144 144 145 146 146 147 148 148 149 150 150 151 151 152
38 38 38 39 40 40 41 42 43 44 45 46 45 46 46 47 47 48 48 49 50 50 50 51 51 51 52 52 52 54 56 57 55 55 56 59 62 69 76 81 110 89 101 89 78 81 93 99 120 109 102 104 104 107 109 111 113 115 117 118 120 122 123 125 126 127 128 130 131 132 133 134 135 136 137 138 139 140 140 141 142 143 144 144 145 146 146 147 148 148 149 149 150 151 151 152
37 38 38 39 39 40 41 42 43 44 45 45 45 46 46 47 47 48 49 49 50 50 50 51 51 52 53 53 53 54 55 57 57 58 57 59 63 67 73 86 97 109 91 99 83 94 94 124 103 106 100 106 105 107 109 111 113 115 117 119 120 122 123 124 126 127 128 130 131 132 133 134 135 136 137 138 139 139 140 141 142 143 143 144 145 146 146 147 148 148 149 149 150 151 151 152
37 38 38 39 39 40 41 42 43 44 44 45 45 46 46 47 48 48 49 49 50 50 51 51 51 52 53 52 53 54 57 57 58 61 60 68 67 75 75 81 81 97 85 85 102 90 105 122 111 117 102 111 106 108 110 112 114 115 117 119 120 122 123 124 126 127 128 129 131 132 133 134 135 136 137 138 139 139 140 141 142 143 143 144 145 145 146 147 147 148 149 149 150 151 151 152
37 38 38 38 39 40 41 42 43 43 44 44 45 46 47 47 48 49 49 50 50 51 51 52 52 52 52 54 55 55 56 58 61 61 71 77 80 83 74 75 84 89 87 95 97 94 105 116 103 117 120 111 107 108 110 112 114 115 117 119 120 122 123 124 126 127 128 129 130 132 133 134 135 136 137 138 138 139 140 141 142 142 143 144 145 145 146 147 147 148 149 149 150 150 151 152
37 38 38 38 39 40 41 42 42 43 44 45 46 46 47 47 48 49 50 51 51 51 52 52 52 54 54 54 56 57 58 59 61 64 70 75 81 82 79 75 79 99 87 93 90 90 96 100 102 112 117 110 107 109 111 112 114 116 117 119 120 122 123 124 126 127 128 129 130 131 133 134 135 136 136 137 138 139 140 141 142 142 143 144 145 145 146 147 147 148 149 149 150 150 151 152
38 38 38 39 39 40 41 42 42 43 44 45 46 47 48 48 49 50 50 51 51 51 52 53 54 53 54 55 55 57 63 63 62 66 75 73 83 83 77 81 77 86 85 90 85 89 92 107 110 109 108 108 107 109 111 112 114 116 117 119 120 122 123 124 126 127 128 129 130 131 132 133 134 135 136 137 138 139 140 141 142 142 143 144 145 145 146 147 147 148 149 149 150 150 151 152
38 38 38 39 40 41 42 42 43 43 44 45 46 47 48 49 50 50 51 52 53 53 53 54 56 55 55 55 57 61 64 62 68 65 69 79 87 93 84 90 81 83 84 85 86 87 92 99 101 101 110 110 108 109 111 112 114 116 117 119 120 121 123 124 125 127 128 129 130 131 132 133 134 135 136 137 138 139 140 141 141 142 143 144 144 145 146 147 147 148 148 149 150 150 151 151
38 38 39 39 40 41 41 42 43 44 45 46 46 47 48 49 51 51 52 53 54 55 55 56 55 57 57 57 57 59 64 64 64 73 74 78 95 95 87 89 86 84 85 85 90 90 91 94 97 100 109 105 107 109 110 112 114 116 117 119 120 121 123 124 125 127 128 129 130 131 132 133 134 135 136 137 138 139 140 141 141 142 143 144 144 145 146 146 147 148 148 149 150 150 151 151
39 39 39 40 40 41 42 42 43 44 45 46 47 48 49 50 51 52 53 54 56 57 59 58 57 58 61 61 59 58 62 62 66 69 86 77 83 86 92 92 92 86 84 86 89 88 90 95 98 99 102 104 106 108 110 112 114 115 117 119 120 121 123 124 125 127 128 129 130 131 132 133 134 135 136 137 138 139 140 140 141 142 143 144 144 145 146 146 147 148 148 149 150 150 151 151
39 39 40 40 41 41 42 43 44 45 46 46 47 48 49 50 51 53 54 55 57 58 60 58 59 58 59 60 59 59 64 63 66 72 77 87 87 91 92 98 93 89 86 92 89 87 90 93 95 99 101 103 106 108 110 112 114 115 117 118 120 121 123 124 125 126 128 129 130 131 132 133 134 135 136 137 138 139 140 140 141 142 143 143 144 145 146 146 147 148 148 149 150 150 151 151
39 40 41 41 41 42 43 43 44 45 46 47 48 49 50 51 52 53 55 57 58 61 61 62 61 61 61 60 61 61 64 70 74 76 77 77 82 97 88 80 98 87 82 96 95 88 89 92 100 98 100 103 105 108 110 112 113 115 117 118 120 121 123 124 125 126 128 129 130 131 132 133 134 135 136 137 138 139 139 140 141 142 143 143 144 145 146 146 147 148 148 149 149 150 151 151
40 40 41 41 42 43 44 44 45 46 47 47 48 49 50 51 52 53 55 57 58 59 61 62 61 61 63 60 63 65 66 68 73 85 88 80 86 105 90 93 88 84 87 85 91 90 89 91 101 97 100 102 105 107 109 111 113 115 117 118 120 121 123 124 125 126 128 129 130 131 132 133 134 135 136 137 138 139 139 140 141 142 143 143 144 145 145 146 147 147 148 149 149 150 151 151
40 41 42 42 42 43 44 44 45 46 47 48 49 50 51 52 53 54 56 58 59 62 62 63 62 63 62 61 62 65 68 68 74 73 84 88 100 101 93 96 86 76 76 82 87 86 87 92 93 96 99 102 105 107 109 111 113 115 117 118 120 121 122 124 125 126 127 129 130 131 132 133 134 135 136 137 138 138 139 140 141 142 142 143 144 145 145 146 147 147 148 149 149 150 151 151
41 41 42 42 43 43 44 45 46 47 47 48 49 50 51 52 53 54 55 57 59 61 62 62 63 63 64 63 64 66 67 68 74 77 83 92 99 97 99 103 88 93 76 78 80 82 85 88 92 100 99 102 104 107 109 111 113 115 117 118 120 121 122 124 125 126 127 129 130 131 132 133 134 135 136 137 137 138 139 140 141 142 142 143 144 145 145 146 147 147 148 149 149 150 151 151
41 42 42 43 43 44 45 45 46 47 48 49 50 51 52 53 54 55 58 57 58 59 61 61 62 63 64 63 64 66 69 72 75 78 85 89 92 94 92 88 88 98 83 75 76 80 84 88 94 97 99 102 105 107 109 111 113 115 117 118 120 121 122 124 125 126 127 129 130 131 132 133 134 135 136 137 137 138 139 140 141 142 142 143 144 145 145 146 147 147 148 149 149 150 150 151
41 42 42 43 44 44 45 46 47 47 48 49 50 51 52 53 55 55 58 62 58 62 63 61 63 64 64 64 65 67 72 76 80 82 85 87 94 85 97 81 79 76 90 75 75 80 84 89 95 98 99 102 105 107 109 111 113 115 117 118 120 121 122 124 125 126 127 128 130 131 132 133 134 135 136 136 137 138 139 140 141 141 142 143 144 144 145 146 147 147 148 149 149 150 150 151
42 42 43 44 44 45 46 46 47 48 49 49 50 51 52 54 56 59 58 64 60 59 60 61 63 64 66 65 66 68 69 74 76 87 87 91 93 98 88 93 93 93 90 87 80 82 86 91 97 97 100 103 105 107 110 111 113 115 117 118 120 121 122 124 125 126 127 128 130 131 132 133 134 135 135 136 137 138 139 140 141 141 142 143 144 144 145 146 147 147 148 149 149 150 150 151
42 43 43 44 45 45 46 47 48 48 49 50 51 52 53 56 56 57 59 64 63 63 64 61 65 64 64 66 69 69 70 78 88 84 86 89 92 97 92 99 90 83 95 84 90 85 91 97 102 98 101 104 106 108 110 112 113 115 117 118 120 121 122 124 125 126 127 128 129 131 132 133 134 134 135 136 137 138 139 140 141 141 142 143 144 144 145 146 146 147 148 148 149 150 150 151
43 43 44 44 45 46 47 47 48 49 50 50 51 52 53 55 57 60 63 65 61 65 62 65 64 67 67 69 70 71 76 77 85 92 93 92 90 88 89 82 100 103 96 87 94 102 93 102 98 100 102 104 106 108 110 112 114 115 117 118 120 121 122 124 125 126 127 128 129 130 132 133 133 134 135 136 137 138 139 140 141 141 142 143 144 144 145 146 146 147 148 148 149 150 150 151
43 44 44 45 46 46 47 48 49 49 50 51 51 52 53 55 63 68 59 67 62 65 65 66 65 67 67 68 70 74 73 75 82 87 93 94 93 93 94 94 100 101 98 99 101 102 96 104 100 101 103 105 107 109 111 112 114 115 117 118 120 121 122 124 125 126 127 128 129 130 131 132 133 134 135 136 137 138 139 140 140 141 142 143 144 144 145 146 146 147 148 148 149 150 150 151
