rain1mman/rdann-1.asc
ncols         501
nrows         361
xllcorner     109.95
yllcorner     -45.05
cellsize      0.1
NODATA_value  -9999
[rows 212 to 264 of 361, columns 0 to 95 of 501]
88 88 88 88 88 88 87 87 87 87 87 87 86 86 86 86 86 85 85 85 85 85 84 84 84 84 83 83 83 83 82 82 82 81 81 80 80 80 79 78 78 77 77 76 75 74 73 72 71 70 69 70 72 68 69 67 67 65 63 60 59 59 57 56 54 52 51 50 49 48 46 45 45 46 44 44 44 45 46 46 46 47 47 47 47 48 46 46 44 43 42 43 44 42 42 42
89 89 89 89 89 89 88 88 88 88 88 88 87 87 87 87 87 86 86 86 86 86 85 85 85 85 85 84 84 84 83 83 83 82 82 82 81 81 80 80 79 79 78 77 77 76 75 74 73 72 71 70 70 69 68 69 69 67 64 62 61 59 58 57 55 53 52 51 49 48 47 46 45 46 46 45 45 46 46 47 47 48 48 48 49 48 47 47 47 45 43 42 43 42 42 43
90 90 90 90 90 90 89 89 89 89 89 89 88 88 88 88 88 88 87 87 87 87 87 86 86 86 86 85 85 85 85 84 84 84 83 83 82 82 82 81 80 80 79 79 78 77 76 76 75 74 73 72 73 73 73 71 70 69 66 64 61 60 59 57 55 54 53 51 50 50 49 47 46 46 46 45 46 47 47 48 49 49 49 49 49 47 47 46 45 44 43 43 43 42 42 42
91 91 91 91 91 91 90 90 90 90 90 90 90 89 89 89 89 89 89 88 88 88 88 88 87 87 87 87 86 86 86 85 85 85 84 84 84 83 83 82 82 81 81 80 79 79 78 77 76 75 74 73 73 72 74 72 71 71 67 65 63 62 60 58 57 56 54 52 51 50 51 48 48 48 48 47 47 47 47 48 49 48 50 50 48 48 47 45 45 45 44 44 44 44 42 42
92 92 92 92 92 92 91 91 91 91 91 91 91 90 90 90 90 90 90 89 89 89 89 89 88 88 88 88 87 87 87 87 86 86 86 85 85 84 84 84 83 83 82 81 81 80 79 79 78 77 76 75 76 74 73 73 74 71 68 67 64 63 61 60 59 57 55 54 52 51 50 51 49 49 48 49 47 48 48 48 49 49 48 48 48 46 47 47 47 45 45 43 43 42 41 42
93 93 93 93 93 93 92 92 92 92 92 92 92 91 91 91 91 91 91 91 90 90 90 90 90 89 89 89 89 88 88 88 87 87 87 86 86 86 85 85 84 84 83 83 82 82 81 80 79 79 78 77 78 76 74 75 73 72 71 69 66 64 64 62 60 58 56 55 53 52 51 51 51 49 49 48 49 49 48 47 48 49 47 48 46 46 48 48 47 45 44 43 42 42 42 40
94 94 94 94 94 94 93 93 93 93 93 93 93 93 92 92 92 92 92 92 91 91 91 91 91 90 90 90 90 89 89 89 89 88 88 88 87 87 87 86 86 85 85 84 84 83 82 82 81 80 80 79 78 78 77 75 74 73 72 70 67 67 66 62 61 58 58 56 54 53 53 52 51 49 50 48 49 49 49 48 48 49 47 46 46 48 50 47 46 45 45 43 44 43 42 41
95 95 95 95 95 95 94 94 94 94 94 94 94 94 93 93 93 93 93 93 93 92 92 92 92 92 91 91 91 91 90 90 90 90 89 89 89 88 88 87 87 86 86 85 85 84 84 83 83 82 81 80 80 80 79 77 76 76 72 72 69 69 65 63 62 60 58 57 56 55 53 53 51 50 49 49 48 48 49 48 48 49 46 46 48 47 48 48 46 44 44 44 43 44 42 43
96 96 96 96 96 96 95 95 95 95 95 95 95 95 95 94 94 94 94 94 94 93 93 93 93 93 92 92 92 92 92 91 91 91 90 90 90 89 89 89 88 88 87 87 86 86 85 85 84 83 83 82 81 81 82 79 77 75 74 72 70 69 66 65 63 62 60 57 57 55 55 52 51 50 50 49 49 49 50 47 48 50 46 47 47 47 46 46 46 46 45 45 45 43 43 43
97 97 97 97 97 97 96 96 96 96 96 96 96 96 96 95 95 95 95 95 95 95 94 94 94 94 94 93 93 93 93 92 92 92 92 91 91 91 90 90 89 89 89 88 88 87 87 86 85 85 84 84 83 82 81 80 78 77 76 74 72 71 70 68 65 62 60 57 57 56 54 54 52 52 51 51 51 49 48 48 49 47 47 46 46 46 47 49 47 46 47 47 46 45 44 45
98 98 98 98 98 98 97 97 97 97 97 97 97 97 97 96 96 96 96 96 96 96 95 95 95 95 95 94 94 94 94 94 93 93 93 92 92 92 91 91 91 90 90 89 89 88 88 87 87 86 85 85 84 83 82 81 81 78 76 77 74 72 72 69 66 64 61 58 57 56 54 53 53 52 52 52 51 50 49 48 49 48 49 48 47 48 47 48 49 47 48 48 46 45 45 47
99 99 99 99 99 99 98 98 98 98 98 98 98 98 98 98 97 97 97 97 97 97 97 96 96 96 96 96 95 95 95 95 94 94 94 94 93 93 93 92 92 91 91 91 90 90 89 89 88 87 87 86 85 84 83 82 80 79 77 78 76 72 71 73 68 63 62 60 57 56 54 53 52 51 51 51 52 51 50 48 48 50 48 48 49 49 47 48 49 48 49 48 47 47 46 48
100 100 100 100 100 100 99 99 99 99 99 99 99 99 99 99 98 98 98 98 98 98 98 97 97 97 97 97 96 96 96 96 96 95 95 95 94 94 94 93 93 93 92 92 91 91 90 90 89 88 88 87 86 85 84 82 82 80 79 77 76 73 73 71 69 64 63 60 58 55 54 55 53 52 51 51 51 52 51 50 49 48 49 51 50 49 49 49 50 49 51 48 48 48 48 49
101 101 101 101 101 101 100 100 100 100 100 100 100 100 100 100 99 99 99 99 99 99 99 99 98 98 98 98 98 97 97 97 97 96 96 96 96 95 95 95 94 94 93 93 92 92 91 91 90 90 89 88 87 86 85 83 83 81 80 78 77 74 75 73 71 65 63 59 58 57 54 53 54 53 52 51 52 52 51 51 50 49 49 50 50 50 49 50 50 51 50 49 50 49 50 50
102 102 102 102 102 102 101 101 101 101 101 101 101 101 101 101 101 100 100 100 100 100 100 100 99 99 99 99 99 98 98 98 98 98 97 97 97 96 96 96 95 95 94 94 94 93 92 92 91 91 90 89 88 87 86 85 83 82 81 79 76 74 72 73 68 70 62 63 59 58 54 53 53 52 53 51 52 50 50 49 49 49 50 50 51 52 51 50 52 51 50 50 51 50 51 51
103 103 103 103 103 103 102 102 102 102 102 102 102 102 102 102 102 101 101 101 101 101 101 101 101 100 100 100 100 100 99 99 99 99 98 98 98 97 97 97 96 96 96 95 95 94 94 93 92 92 91 90 89 88 87 86 84 82 82 80 76 75 76 76 74 69 64 63 59 56 56 56 54 54 53 52 53 50 51 51 52 51 50 50 50 50 52 51 52 53 51 51 53 53 52 51
104 104 104 104 104 104 103 103 103 103 103 103 103 103 103 103 103 102 102 102 102 102 102 102 102 101 101 101 101 101 100 100 100 100 99 99 99 99 98 98 97 97 97 96 96 95 95 94 93 93 92 91 90 89 88 87 85 84 82 80 77 80 79 75 73 71 68 65 59 58 56 55 56 57 55 52 51 51 52 54 51 51 51 51 51 51 51 51 52 53 52 52 54 52 51 51
105 105 105 105 105 104 104 104 104 104 104 104 104 104 104 104 104 104 103 103 103 103 103 103 103 102 102 102 102 102 102 101 101 101 101 100 100 100 99 99 99 98 98 97 97 96 96 95 94 94 93 92 91 90 89 88 86 85 84 82 78 81 80 76 74 70 69 66 60 59 58 58 57 56 54 51 53 52 50 51 50 50 50 51 52 51 52 51 52 52 53 53 53 53 52 52
106 106 106 106 105 105 105 105 105 105 105 105 105 105 105 105 105 105 104 104 104 104 104 104 104 104 103 103 103 103 103 102 102 102 102 101 101 101 100 100 100 99 99 98 98 97 97 96 95 95 94 93 92 91 90 89 88 86 85 84 82 84 79 76 76 72 70 67 62 62 58 58 60 57 54 52 53 52 51 50 50 51 50 50 51 50 50 50 52 51 52 53 53 52 52 53
107 107 107 107 106 106 106 106 106 106 106 106 106 106 106 106 106 106 105 105 105 105 105 105 105 105 104 104 104 104 104 103 103 103 103 102 102 102 101 101 101 100 100 99 99 98 98 97 96 96 95 94 93 92 91 90 89 87 87 86 84 86 82 77 74 71 71 66 63 60 61 60 57 56 53 55 53 53 53 52 51 50 49 49 50 50 50 51 50 51 52 52 51 52 53 53
108 108 107 107 107 107 107 107 107 107 107 107 107 107 107 107 107 107 107 106 106 106 106 106 106 106 105 105 105 105 105 105 104 104 104 104 103 103 103 102 102 101 101 100 100 99 99 98 97 96 96 95 94 93 92 91 89 88 88 87 86 87 81 79 76 73 70 68 64 63 59 59 59 55 54 53 53 53 53 52 50 50 52 50 51 51 50 51 51 52 52 51 52 53 53 53
108 108 108 108 108 108 108 108 108 108 108 108 108 108 108 108 108 108 108 107 107 107 107 107 107 107 107 106 106 106 106 106 105 105 105 105 104 104 104 103 103 102 102 101 101 100 100 99 98 97 97 96 95 94 92 91 90 89 87 86 85 85 82 79 78 74 70 66 64 62 61 59 56 55 56 55 53 53 53 52 51 50 50 51 50 51 51 52 51 51 53 51 51 52 53 54
109 109 109 109 109 109 109 109 109 109 109 109 109 109 109 109 109 109 109 108 108 108 108 108 108 108 108 107 107 107 107 107 106 106 106 106 105 105 105 104 104 103 103 102 102 101 101 100 99 98 97 96 95 94 93 92 90 89 88 86 84 84 82 83 77 74 72 69 66 64 61 61 59 56 55 54 54 54 53 52 51 50 50 50 51 51 50 51 50 50 52 51 51 52 52 53
110 110 110 110 110 110 110 110 110 110 110 110 110 110 110 110 110 110 110 109 109 109 109 109 109 109 109 108 108 108 108 108 107 107 107 107 106 106 106 105 105 104 104 103 103 102 102 101 100 99 98 97 96 95 94 92 91 89 87 85 87 85 83 79 76 74 73 70 66 65 62 61 61 59 57 55 54 53 52 53 51 50 49 50 50 50 50 50 51 51 51 51 52 51 52 53
111 111 111 111 111 111 111 111 111 111 111 111 111 111 111 111 111 111 111 110 110 110 110 110 110 110 110 110 109 109 109 109 109 108 108 108 107 107 107 106 106 106 105 104 104 103 103 102 101 100 99 98 97 96 94 93 91 89 87 85 85 86 82 79 76 75 71 69 68 65 62 61 62 60 57 56 54 54 53 53 51 50 50 49 49 50 52 53 53 53 53 52 54 53 53 53
112 112 112 112 112 112 112 112 112 112 112 112 112 112 112 112 112 112 112 111 111 111 111 111 111 111 111 111 110 110 110 110 110 109 109 109 108 108 108 107 107 107 106 106 105 104 104 103 102 101 100 99 98 96 95 93 92 90 87 85 87 84 81 80 77 71 73 68 65 65 63 62 60 60 58 56 56 54 53 53 52 51 49 49 50 51 51 51 53 53 54 54 54 54 53 53
113 113 113 113 113 113 113 113 113 113 113 113 113 113 113 113 113 113 113 112 112 112 112 112 112 112 112 112 111 111 111 111 111 110 110 110 110 109 109 108 108 108 107 107 106 105 105 104 103 102 101 100 99 97 96 94 92 90 88 85 87 82 81 79 73 70 69 68 66 65 64 63 61 61 60 58 57 55 54 53 53 51 50 50 51 51 51 52 53 53 56 55 55 55 54 54
114 114 114 114 114 114 114 114 114 114 114 114 114 114 114 114 114 114 114 113 113 113 113 113 113 113 113 113 112 112 112 112 112 111 111 111 111 110 110 110 109 109 108 108 107 106 106 105 104 103 102 101 100 98 97 95 93 91 88 86 88 87 82 78 74 72 73 69 68 67 67 64 65 62 60 60 57 56 55 54 54 53 53 52 52 52 53 53 53 54 55 55 56 57 56 55
115 115 115 115 115 115 115 115 115 115 115 115 115 115 115 115 115 115 115 114 114 114 114 114 114 114 114 114 113 113 113 113 113 112 112 112 112 111 111 111 110 110 109 109 108 107 107 106 105 104 103 102 101 99 98 96 94 91 89 87 89 86 82 78 76 74 74 72 70 68 65 65 63 62 60 59 57 57 56 54 53 53 53 53 52 53 53 55 55 55 56 56 57 58 59 57
116 116 116 116 116 116 116 116 116 116 116 116 116 116 116 116 116 116 116 115 115 115 115 115 115 115 115 115 115 114 114 114 114 114 113 113 113 112 112 112 111 111 110 110 109 109 108 107 106 105 104 103 102 100 99 97 95 92 90 88 87 86 85 83 79 76 74 71 69 70 67 66 64 61 62 59 58 58 56 54 55 55 55 54 54 55 54 56 57 57 57 58 59 60 59 59
117 117 117 117 117 117 117 117 117 117 117 117 117 117 117 117 117 117 116 116 116 116 116 116 116 116 116 116 116 115 115 115 115 115 114 114 114 113 113 113 112 112 111 111 110 110 109 108 107 107 106 104 103 102 100 98 96 93 91 91 90 88 84 82 81 77 77 77 72 72 68 66 64 62 61 60 59 57 56 55 56 55 56 55 55 56 57 57 59 59 59 59 60 61 62 62
118 118 118 118 118 118 118 118 118 118 118 118 118 118 118 118 118 118 117 117 117 117 117 117 117 117 117 117 117 116 116 116 116 116 115 115 115 115 114 114 113 113 113 112 111 111 110 109 109 108 107 106 104 103 102 100 97 95 92 94 92 89 86 84 83 82 79 77 74 72 69 68 66 64 61 59 59 57 57 56 57 56 58 58 57 58 59 59 60 61 61 61 62 63 64 64
119 119 119 119 119 119 119 119 119 119 119 119 119 119 119 119 119 118 118 118 118 118 118 118 118 118 118 118 118 117 117 117 117 117 116 116 116 116 115 115 115 114 114 113 113 112 111 111 110 109 108 107 106 105 103 101 99 96 94 95 91 91 87 85 84 82 80 79 76 73 71 69 67 64 62 61 60 58 57 57 57 57 58 59 58 59 61 61 61 62 63 63 64 65 66 66
119 119 119 119 120 120 120 120 120 120 120 120 120 120 120 120 119 119 119 119 119 119 119 119 119 119 119 119 119 118 118 118 118 118 117 117 117 117 116 116 116 115 115 114 114 113 112 112 111 110 109 108 107 106 105 103 102 98 95 98 92 91 92 88 87 85 83 79 77 74 72 70 68 66 64 62 62 59 58 59 58 60 61 60 60 60 62 63 63 65 66 66 66 67 68 69
120 120 120 120 120 120 120 120 120 120 120 120 120 120 120 120 120 120 120 120 120 120 120 120 120 120 120 120 120 119 119 119 119 119 119 118 118 118 117 117 117 116 116 115 115 114 114 113 112 111 111 110 109 108 106 105 104 101 98 95 96 96 93 90 89 87 86 82 79 77 75 72 70 67 66 63 63 60 59 59 59 60 61 62 62 62 63 65 66 67 69 68 69 70 70 71
121 121 121 121 121 121 121 121 121 121 121 121 121 121 121 121 121 121 121 121 121 121 121 121 121 121 121 121 121 120 120 120 120 120 120 119 119 119 119 118 118 117 117 117 116 115 115 114 114 113 114 113 110 109 108 107 106 103 101 101 100 97 95 93 91 89 86 84 83 80 77 75 73 69 67 65 63 60 59 59 60 60 61 63 64 64 65 66 68 69 71 71 71 73 73 73
122 122 122 122 122 122 122 122 122 122 122 122 122 122 122 122 122 122 122 122 122 122 122 122 122 122 122 122 122 122 121 121 121 121 121 120 120 120 120 119 119 119 118 118 117 117 116 115 115 114 114 115 113 112 112 111 108 106 105 102 100 100 98 96 93 91 89 88 86 83 81 78 76 72 70 68 64 61 60 59 60 61 63 64 66 66 68 69 69 70 73 74 74 75 76 77
123 123 123 123 123 123 123 123 123 123 123 123 123 123 123 123 123 123 123 123 123 123 123 123 123 123 123 123 123 123 122 122 122 122 122 122 121 121 121 120 120 120 119 119 118 118 117 117 116 115 118 116 115 114 113 112 110 108 106 109 103 102 102 99 95 94 94 91 89 87 84 81 79 76 72 69 66 62 60 59 60 62 63 66 67 68 70 73 73 73 74 76 77 76 76 77
124 124 124 124 124 124 124 124 124 124 124 124 124 124 124 124 124 124 124 124 124 124 124 124 124 124 124 124 124 124 123 123 123 123 123 123 122 122 122 122 121 121 120 120 120 119 119 118 117 117 117 117 116 116 115 114 111 109 111 111 108 104 102 102 100 98 96 95 92 89 88 85 82 79 75 71 66 63 61 60 61 63 65 67 69 71 73 75 76 76 77 78 78 78 77 77
125 125 125 125 125 125 125 125 125 125 125 125 125 125 125 125 125 125 125 125 125 125 125 125 125 125 125 125 125 125 124 124 124 124 124 124 123 123 123 123 122 122 122 121 121 120 120 119 119 118 117 118 116 115 115 113 112 112 112 113 110 108 107 106 103 102 100 99 95 94 90 89 85 81 78 74 68 65 62 62 62 64 66 69 72 74 76 78 78 79 79 79 79 80 80 80
126 126 126 126 126 126 126 126 126 126 126 126 126 126 126 126 126 126 126 126 126 126 126 126 126 126 126 126 126 126 125 125 125 125 125 125 125 124 124 124 123 123 123 122 122 122 121 121 120 119 119 119 117 117 116 116 115 114 113 113 113 111 109 109 105 104 104 102 100 97 95 91 89 85 82 78 73 69 66 64 65 67 70 72 76 77 78 79 80 82 82 82 82 84 83 83
126 126 127 127 127 127 127 127 127 127 127 127 127 127 127 127 127 127 127 127 127 127 127 127 127 127 127 127 127 127 126 126 126 126 126 126 126 125 125 125 125 124 124 124 123 123 122 122 121 121 120 123 119 118 117 116 116 114 115 114 115 114 113 110 109 108 106 105 104 101 101 99 95 91 89 84 82 78 72 69 70 72 74 76 78 79 81 82 84 85 85 85 85 85 85 85
127 127 127 127 127 128 128 128 128 128 128 128 128 128 128 128 128 128 128 128 128 128 128 128 128 128 128 128 128 128 128 127 127 127 127 127 127 126 126 126 126 126 125 125 124 124 124 123 123 122 121 121 120 119 118 118 118 116 117 117 115 114 113 112 111 110 110 108 109 106 103 102 100 97 94 91 87 83 89 78 77 85 85 86 83 84 85 86 87 88 88 88 88 88 88 88
128 128 128 128 128 128 128 129 129 129 129 129 129 129 129 129 129 129 129 129 129 129 129 129 129 129 129 129 129 129 129 128 128 128 128 128 128 128 127 127 127 127 126 126 126 125 125 125 124 124 123 122 122 121 120 119 119 119 119 118 117 116 118 116 116 114 113 112 111 110 110 108 106 103 101 98 94 90 87 85 84 84 85 86 88 89 90 91 90 93 91 90 90 90 90 90
129 129 129 129 129 129 129 129 129 130 130 130 130 130 130 130 130 130 130 130 130 130 130 130 130 130 130 130 130 130 130 129 129 129 129 129 129 129 129 128 128 128 128 127 127 127 126 126 125 125 124 124 123 123 122 121 121 120 119 119 119 119 120 119 118 119 117 117 115 116 114 113 112 110 108 105 103 100 96 93 91 91 91 92 93 94 94 96 95 94 94 94 94 93 93 93
130 130 130 130 130 130 130 130 130 130 130 130 131 131 131 131 131 131 131 131 131 131 131 131 131 131 131 131 131 131 131 130 130 130 130 130 130 130 130 129 129 129 129 129 128 128 128 127 127 126 126 125 125 124 124 123 123 122 121 121 122 122 121 121 120 120 120 123 124 120 119 118 118 117 115 113 110 107 104 105 99 97 97 97 99 98 97 98 98 98 97 97 97 96 96 96
131 131 131 131 131 131 131 131 131 131 131 131 131 131 132 132 132 132 132 132 132 132 132 132 132 132 132 132 132 132 132 131 131 131 131 131 131 131 131 131 130 130 130 130 129 129 129 129 128 128 127 127 127 126 126 125 125 124 124 123 124 123 123 123 122 123 122 123 122 125 123 124 124 124 121 119 117 115 111 107 105 104 103 101 100 100 101 101 101 101 100 100 100 99 99 99
131 132 132 132 132 132 132 132 132 132 132 132 132 132 132 132 132 133 133 133 133 133 133 133 133 133 133 133 133 133 133 132 132 132 132 132 132 132 132 132 132 131 131 131 131 130 130 130 130 129 129 129 128 128 127 127 127 126 126 125 125 125 124 124 125 126 125 127 127 128 127 127 128 128 126 123 123 121 116 114 110 109 107 105 106 104 104 104 104 104 103 103 102 102 102 101
132 132 132 133 133 133 133 133 133 133 133 133 133 133 133 133 133 133 133 134 134 134 134 134 134 134 134 134 134 134 134 133 133 133 133 133 133 133 133 133 133 133 132 132 132 132 131 131 131 131 130 130 130 129 129 129 128 128 128 128 127 127 127 127 127 129 128 127 128 130 129 130 130 131 129 127 126 123 121 118 115 112 111 109 109 108 108 107 107 107 106 106 105 105 104 104
133 133 133 133 133 134 134 134 134 134 134 134 134 134 134 134 134 134 134 134 134 134 135 135 135 135 135 135 135 135 135 134 134 134 134 134 134 134 134 134 134 134 134 133 133 133 133 133 132 132 132 132 131 131 131 131 130 130 130 130 130 129 129 129 130 130 130 130 131 131 132 132 133 133 132 130 129 126 123 121 121 116 115 113 112 112 111 110 110 109 109 108 108 107 107 106
134 134 134 134 134 134 134 135 135 135 135 135 135 135 135 135 135 135 135 135 135 135 135 135 135 135 136 136 136 136 136 135 135 135 135 135 135 135 135 135 135 135 135 135 134 134 134 134 134 134 133 133 133 133 132 132 132 132 132 132 132 132 132 132 132 132 132 133 133 134 134 135 135 135 134 132 131 129 126 124 122 120 118 117 116 115 114 113 113 112 111 111 110 110 109 109
135 135 135 135 135 135 135 135 135 136 136 136 136 136 136 136 136 136 136 136 136 136 136 136 136 136 136 136 136 136 136 136 136 136 136 136 136 136 136 136 136 136 136 136 136 135 135 135 135 135 135 135 134 134 134 134 134 134 134 134 134 134 134 134 134 134 135 135 135 136 136 137 137 136 135 134 133 131 129 127 125 123 121 120 119 118 117 116 115 114 114 113 112 112 111 111
136 136 136 136 136 136 136 136 136 136 136 137 137 137 137 137 137 137 137 137 137 137 137 137 137 137 137 137 137 137 137 137 137 137 137 137 137 137 137 137 137 137 137 137 137 137 137 136 136 136 136 136 136 136 136 136 135 135 135 135 135 136 136 136 136 136 137 137 137 138 138 138 138 138 137 136 134 133 131 129 127 126 124 123 122 120 119 118 118 117 116 115 115 114 114 113
