rain1mman/rdann-1.asc
ncols         501
nrows         361
xllcorner     109.95
yllcorner     -45.05
cellsize      0.1
NODATA_value  -9999
[rows 265 to 317 of 361, columns 288 to 383 of 501]
86 84 83 79 77 75 73 73 72 71 70 69 69 70 70 69 69 67 66 65 64 62 63 62 60 59 58 56 57 57 57 56 54 54 54 54 55 54 54 53 52 52 52 52 52 53 53 54 53 53 53 53 53 53 54 54 54 54 54 54 55 55 55 55 55 56 56 56 56 57 57 57 58 58 59 59 60 61 64 64 67 69 70 74 75 78 82 83 86 82 82 82 88 87 81 89
88 86 83 81 79 78 76 77 76 75 73 73 74 72 71 71 70 69 68 67 66 65 63 62 61 60 59 58 57 57 57 56 56 56 55 55 55 56 54 54 54 54 53 53 53 54 54 54 54 54 54 54 54 54 55 55 55 55 55 55 56 56 56 56 56 57 57 57 58 58 58 59 59 60 61 61 63 62 63 68 67 69 71 74 78 78 83 80 84 85 85 88 88 91 92 78
89 87 85 83 82 80 79 78 77 78 75 75 75 75 74 73 72 71 71 70 69 67 66 65 63 62 60 59 59 59 58 58 57 58 57 57 56 56 56 55 56 55 54 54 55 55 55 55 55 55 55 55 55 55 56 56 56 56 56 56 57 57 57 57 58 58 58 59 59 59 60 60 61 62 62 63 67 64 65 66 67 69 72 75 76 79 81 83 87 86 88 87 91 95 95 84
91 89 87 85 84 83 81 80 79 80 78 77 78 78 76 76 74 74 73 71 70 71 69 67 66 65 62 61 60 61 60 58 58 58 58 58 57 57 57 56 57 56 56 56 56 56 56 56 56 56 56 56 56 57 57 57 57 57 57 57 58 58 58 58 59 59 59 60 60 61 64 62 64 63 64 65 65 66 67 68 69 73 74 83 81 82 87 88 88 86 91 89 87 93 90 91
92 90 89 87 86 84 83 83 82 81 81 80 79 79 78 79 77 75 75 74 72 71 71 70 68 65 65 63 62 61 61 60 60 60 59 59 58 58 57 58 57 57 57 57 57 57 57 57 57 58 57 58 58 58 58 58 58 58 58 58 59 59 59 59 60 60 61 61 62 62 63 68 64 65 66 67 68 68 70 72 73 75 76 83 85 91 89 90 93 89 93 93 86 87 87 89
93 92 90 89 87 86 85 84 83 82 82 81 81 80 79 78 79 77 77 76 76 74 72 71 70 67 66 64 64 64 63 62 63 61 61 60 60 59 59 59 59 58 58 58 58 58 58 58 59 58 58 59 59 59 63 59 59 59 59 59 60 60 60 61 61 61 62 63 63 64 65 66 67 68 68 69 70 71 71 72 74 83 79 80 85 92 88 95 91 90 92 88 88 85 85 87
94 93 92 90 89 88 86 85 84 84 84 83 82 81 81 80 80 79 78 78 78 76 75 73 73 69 67 67 66 65 64 63 63 63 62 62 60 61 60 60 60 59 59 59 59 59 59 58 59 60 59 60 60 60 60 60 60 60 60 60 60 61 61 62 62 63 63 64 65 66 67 68 69 71 71 72 73 75 78 77 79 78 81 91 88 90 91 95 93 103 94 94 88 90 96 96
95 94 93 92 91 89 88 87 86 85 86 85 84 83 82 82 81 81 80 80 79 78 77 75 74 73 70 68 69 68 67 65 64 64 64 64 63 62 62 61 61 61 60 61 60 60 59 60 59 60 60 61 61 61 61 61 61 62 61 61 62 62 63 63 64 64 65 66 67 68 69 70 72 75 74 75 76 82 81 86 89 83 83 87 89 90 95 96 96 96 94 93 93 87 92 100
97 96 95 93 92 91 89 88 87 86 86 86 86 85 83 83 83 83 83 82 81 80 78 76 75 74 75 72 70 71 69 67 66 66 66 65 64 64 63 63 63 62 61 62 62 61 61 63 65 61 61 61 62 62 62 62 62 62 62 63 63 63 64 65 65 66 67 68 69 70 71 73 74 77 83 78 80 83 86 89 91 87 98 90 94 97 94 103 97 99 98 96 94 88 92 93
98 97 96 95 93 92 91 90 88 87 87 87 87 86 85 85 85 85 85 84 83 82 81 80 78 77 76 76 73 73 72 71 68 69 68 68 66 65 65 64 64 63 63 63 63 62 67 65 63 62 62 62 62 63 63 63 63 64 64 64 65 65 65 66 67 68 69 70 71 72 73 75 80 85 90 82 83 84 91 98 102 94 98 101 95 95 101 96 101 101 98 97 93 95 87 125
100 99 97 96 95 94 92 91 90 89 88 87 87 88 88 87 87 87 87 86 85 84 83 82 81 79 78 78 78 76 77 73 70 71 70 69 68 68 67 66 66 65 65 64 65 64 68 67 66 67 63 64 64 64 64 64 65 65 66 67 65 66 67 68 69 70 71 72 73 75 77 78 80 83 85 85 88 91 89 95 93 102 101 101 100 96 97 102 99 105 99 100 112 90 104 104
101 100 99 98 97 95 94 92 91 90 89 88 89 88 88 88 88 88 88 88 87 86 85 84 83 82 81 80 80 78 78 75 73 73 72 71 70 70 69 69 68 67 68 67 69 68 67 66 69 74 71 65 65 66 67 69 67 66 67 69 67 68 73 71 72 72 74 75 75 77 79 82 83 91 92 91 90 93 97 94 93 99 96 94 107 108 98 99 94 104 103 103 96 90 88 114
103 102 101 99 98 97 95 94 92 91 90 89 89 90 91 91 90 89 89 90 90 88 87 87 86 85 84 84 82 83 78 77 76 75 75 73 72 72 71 71 70 70 73 71 71 70 71 67 72 68 68 67 67 69 69 70 70 70 70 73 70 72 74 75 74 75 77 79 79 87 86 92 87 91 97 98 100 100 103 104 120 96 102 109 109 124 109 102 93 110 93 95 106 116 94 100
105 104 102 101 100 99 97 96 94 92 91 90 91 91 92 93 92 92 91 91 91 90 89 89 88 87 86 86 86 84 81 80 80 78 77 76 75 75 74 74 73 73 77 74 75 72 73 70 79 75 72 69 70 73 73 81 72 70 71 73 74 77 81 75 78 80 82 86 84 100 102 103 94 101 111 107 104 105 106 106 118 105 110 114 109 116 107 111 98 90 107 98 115 94 101 92
106 105 104 103 102 101 99 98 96 95 93 93 93 94 94 94 94 94 93 93 93 93 92 91 91 91 90 88 88 87 85 84 83 82 81 81 85 78 77 77 77 76 76 75 84 84 74 72 72 72 72 72 77 79 80 91 76 76 73 75 76 77 83 80 82 90 96 99 92 102 107 115 96 120 114 116 106 119 115 103 117 105 118 118 135 126 115 117 97 91 96 95 104 104 102 88
108 107 106 105 104 103 102 100 99 98 97 96 96 96 97 97 97 97 96 95 95 95 94 94 94 93 93 92 91 91 89 88 87 89 85 85 97 91 81 81 79 82 79 87 89 100 77 75 79 74 75 75 76 91 89 112 89 80 81 82 87 88 81 84 88 98 95 105 101 101 100 105 103 106 110 116 128 126 120 110 118 120 119 129 124 122 109 97 88 90 114 99 110 101 101 93
110 109 108 107 106 105 104 103 102 101 100 100 100 100 100 101 100 100 99 98 97 97 97 96 97 96 95 95 94 93 93 91 93 100 89 106 92 100 84 84 85 88 83 82 85 100 88 80 78 78 77 80 79 81 82 90 88 88 89 101 92 93 87 88 87 112 116 115 96 101 114 103 106 116 116 118 121 133 135 134 127 125 122 126 117 119 109 107 89 109 80 99 105 104 101 95
112 111 110 109 109 108 107 106 105 104 103 104 103 103 103 103 103 103 102 101 100 100 100 100 99 99 95 95 96 97 95 94 97 96 94 92 97 102 104 87 92 89 88 85 102 87 84 84 86 82 93 86 91 85 89 109 102 103 103 113 112 93 104 104 97 98 95 100 101 102 113 106 108 116 124 125 124 133 143 139 111 108 127 127 126 111 121 105 95 92 90 114 103 93 98 94
114 113 113 112 111 110 109 108 108 107 107 106 107 107 107 107 107 106 105 104 102 102 103 103 102 100 101 100 100 102 101 100 99 98 97 116 96 100 139 90 101 95 91 125 115 93 96 89 95 100 89 97 119 105 120 121 112 108 117 112 113 102 99 114 114 110 118 105 117 105 108 125 120 132 122 132 137 133 142 143 124 106 122 105 127 97 103 107 91 85 85 88 90 90 95 93
116 116 115 114 113 113 112 111 111 110 110 110 110 111 111 111 110 109 109 107 106 105 104 104 105 102 107 107 106 106 106 105 104 103 104 108 99 101 99 95 108 93 95 100 94 95 97 96 117 97 99 102 112 124 133 126 124 119 126 108 103 104 107 119 130 119 110 110 136 111 143 144 128 129 128 141 139 133 129 147 139 109 120 94 119 99 90 111 92 90 86 88 93 93 95 96
118 118 117 116 116 115 115 114 114 113 113 113 113 113 114 115 116 113 112 111 109 108 107 107 107 107 103 107 112 108 107 110 107 106 105 103 103 101 99 98 96 97 97 96 97 99 97 97 98 99 102 111 121 125 134 101 108 125 105 99 107 107 109 105 118 127 129 140 136 122 126 156 134 129 136 135 140 115 122 134 137 134 132 112 91 96 88 98 92 97 89 95 93 95 99 97
120 120 119 119 118 118 117 117 116 116 116 116 116 116 117 118 117 119 116 114 113 112 111 110 109 111 106 110 105 104 109 109 109 110 108 106 106 104 103 100 99 100 99 98 97 99 99 105 103 101 105 116 116 124 115 105 83 90 94 94 94 106 104 105 107 114 117 110 117 126 142 144 149 151 152 148 151 143 118 138 141 122 110 103 105 92 99 95 93 90 94 92 95 97 99 98
123 122 122 121 121 120 120 119 119 119 119 119 119 119 119 120 119 120 119 118 116 116 115 113 113 111 116 112 111 108 110 109 113 111 110 110 110 110 107 102 102 101 100 100 99 100 102 106 104 106 107 108 115 110 110 101 82 76 79 86 93 99 101 102 111 110 107 109 145 152 123 128 148 152 147 133 141 152 125 122 122 108 98 96 105 94 90 90 89 88 91 93 95 99 97 98
125 124 124 123 123 123 122 122 122 122 122 122 122 122 122 122 123 121 120 121 119 119 118 117 115 115 116 117 117 116 114 114 114 113 112 112 112 110 107 104 106 104 105 101 103 102 103 102 101 106 108 104 111 105 100 93 84 84 82 85 91 94 98 103 107 111 117 114 116 135 150 149 143 158 155 155 127 144 135 107 122 93 89 90 92 90 87 87 88 89 91 93 95 95 96 96
127 126 126 126 125 125 125 124 124 124 124 124 124 124 124 124 123 124 123 122 122 121 121 120 119 118 119 119 119 118 116 115 117 116 115 116 113 111 108 106 105 105 104 103 104 102 104 102 100 99 102 102 107 103 103 93 89 85 83 86 90 95 99 105 108 114 128 119 130 144 142 129 126 133 137 151 123 135 132 102 93 91 89 89 89 89 88 89 89 89 90 92 93 94 95 96
129 129 128 128 128 127 127 127 127 127 127 127 127 127 126 126 126 125 125 124 124 124 123 122 123 122 125 123 124 124 120 118 116 118 117 116 114 112 109 108 108 107 105 105 104 103 103 102 101 101 101 101 100 99 96 92 87 87 86 89 93 97 100 103 106 110 120 126 123 122 118 124 133 123 128 128 129 114 110 97 93 90 89 88 88 88 87 88 89 90 91 92 93 94 95 96
131 131 130 130 130 130 129 129 129 129 129 129 129 129 129 128 128 128 127 127 126 126 125 125 126 126 128 127 127 126 125 122 118 119 118 116 117 114 113 111 111 109 108 107 106 105 105 104 103 103 102 101 98 96 96 94 90 91 92 94 97 100 102 105 110 112 112 113 116 117 121 126 127 123 125 118 119 118 102 98 96 92 90 88 88 88 88 89 89 90 91 93 94 95 95 96
133 133 132 132 132 132 132 131 131 131 131 131 131 131 131 131 131 130 130 129 129 129 128 128 128 132 132 131 129 132 128 125 122 121 120 118 118 117 116 115 116 113 111 111 110 110 109 110 107 106 106 103 102 105 105 97 95 96 102 98 100 103 105 113 112 111 113 114 116 122 123 124 123 121 120 117 112 108 104 100 97 100 95 92 89 89 89 89 90 91 92 93 94 95 96 96
135 135 135 134 134 134 134 134 134 134 133 133 133 133 133 133 133 133 132 132 132 131 131 131 131 131 132 134 132 131 129 127 125 123 122 121 120 118 119 118 117 117 116 115 114 117 114 114 112 110 108 107 108 109 104 102 100 102 102 102 104 106 112 116 112 113 114 116 118 125 127 132 145 138 135 122 116 121 112 106 110 98 93 91 89 89 90 90 91 92 93 94 95 95 96 96
137 137 137 136 136 136 136 136 136 136 136 136 136 136 135 135 135 135 135 134 134 134 134 134 134 134 139 133 135 133 132 130 128 126 125 123 122 120 120 121 121 122 122 121 122 121 121 121 126 120 113 114 130 114 104 104 104 104 105 106 107 110 121 113 114 115 116 117 122 130 134 129 128 132 131 125 128 135 137 115 103 99 93 90 90 90 91 91 92 93 94 95 95 96 96 97
139 139 139 138 138 138 138 138 138 138 138 138 138 138 138 138 137 137 137 137 137 137 136 136 136 136 136 136 136 135 134 133 131 130 128 127 126 124 123 123 124 122 126 125 127 127 128 120 124 118 129 138 109 109 108 108 108 108 109 109 110 111 113 114 117 117 117 124 129 131 123 123 129 126 128 137 140 137 114 107 103 98 94 92 91 92 92 93 93 94 95 95 96 97 97 97
141 141 141 140 140 140 140 140 140 140 140 140 140 140 140 140 140 140 139 139 139 139 139 139 139 139 139 138 138 137 137 135 134 133 132 131 129 128 127 127 126 125 126 128 138 125 134 159 150 141 132 119 114 113 112 112 112 112 112 113 113 114 115 116 117 118 119 120 123 122 124 127 122 125 133 138 138 120 109 105 102 99 96 95 94 94 94 94 95 95 96 96 97 97 98 98
143 143 142 142 142 142 142 142 142 142 142 142 142 142 142 142 142 142 142 142 141 141 141 141 141 141 141 141 140 140 139 138 137 136 135 134 133 132 131 131 130 130 129 129 129 145 159 162 159 131 121 119 118 117 117 116 116 115 115 116 116 117 117 118 119 119 120 121 121 122 122 122 123 126 120 117 115 112 109 106 103 101 99 97 96 96 96 96 96 97 97 97 98 98 99 99
145 144 144 144 144 144 144 144 144 144 144 144 144 144 144 144 144 144 144 144 144 144 144 143 143 143 143 143 142 142 141 141 140 139 138 137 136 136 135 135 134 134 134 133 133 133 132 131 130 129 126 124 123 121 120 120 119 119 118 118 119 119 119 120 120 121 121 122 122 122 122 123 127 121 121 117 115 113 110 108 105 103 101 100 99 98 98 98 98 98 98 99 99 99 99 100
146 146 146 146 146 146 146 146 146 146 146 146 146 146 146 146 146 146 146 146 146 146 146 146 146 145 145 145 145 144 144 143 142 142 141 140 140 139 139 138 138 138 138 137 137 137 136 135 134 132 130 128 127 125 124 123 122 122 121 121 121 121 121 121 122 122 122 122 122 122 122 123 121 120 119 118 116 113 111 109 107 105 103 102 101 100 100 100 100 100 100 100 100 100 100 100
148 148 148 148 148 148 148 148 148 148 148 148 148 148 148 148 148 148 148 148 148 148 148 148 148 148 147 147 147 147 146 146 145 144 144 143 143 142 142 142 141 141 141 141 140 140 139 138 137 135 134 132 130 129 127 126 125 125 124 124 123 123 123 123 123 123 123 123 123 123 122 122 121 120 119 122 133 114 112 110 108 106 105 104 103 102 102 101 101 101 101 101 101 101 101 101
150 150 150 150 150 150 150 150 150 150 150 150 150 150 150 150 150 150 150 150 150 150 150 150 150 150 150 149 149 149 148 148 147 147 147 146 146 145 145 145 144 144 144 144 143 143 142 141 140 138 136 135 133 131 130 129 128 127 126 126 125 125 125 124 124 124 124 124 123 123 122 122 121 120 119 117 121 114 112 111 109 107 106 105 104 104 103 103 102 102 102 102 102 102 102 102
152 152 152 152 152 152 152 152 152 152 152 152 152 152 152 152 152 152 152 152 152 152 152 152 152 152 152 151 151 151 151 150 150 149 149 149 148 148 148 147 147 147 147 146 146 145 144 143 142 140 139 137 135 134 133 131 130 129 129 128 127 127 126 126 125 125 124 124 124 123 122 122 121 120 118 117 116 114 113 111 110 108 107 107 106 105 105 104 104 103 103 103 103 103 103 103
153 153 153 153 153 153 153 153 153 154 154 154 154 154 154 154 154 154 154 154 154 154 154 154 154 154 154 153 153 153 153 152 152 152 151 151 151 151 150 150 150 150 149 149 148 148 147 145 144 142 141 139 138 136 135 134 133 132 131 130 129 128 128 127 126 126 125 124 124 123 122 121 120 119 118 117 115 114 113 111 110 109 108 108 107 107 106 105 105 105 104 104 104 104 104 104
155 155 155 155 155 155 155 155 155 155 155 155 155 156 156 156 156 156 156 156 156 156 156 156 156 156 156 155 155 155 155 155 154 154 154 154 153 153 153 152 152 152 151 151 150 150 149 147 146 144 143 141 139 138 137 136 135 134 133 132 131 130 129 128 127 126 126 125 124 123 122 121 120 119 118 116 115 114 113 111 110 110 109 108 108 108 107 106 106 105 105 105 105 105 104 104
157 157 157 157 157 157 157 157 157 157 157 157 157 157 157 157 157 158 158 158 158 158 158 158 158 158 157 157 157 157 157 157 156 156 156 156 155 155 155 155 154 154 154 153 152 152 150 149 148 146 144 142 141 140 139 138 137 136 135 133 132 131 130 129 128 127 126 125 124 123 122 121 120 118 117 116 115 113 112 111 110 110 109 109 109 108 108 107 107 106 106 106 105 105 105 105
158 158 158 158 158 159 159 159 159 159 159 159 159 159 159 159 159 159 159 159 159 160 160 160 159 159 159 159 159 159 159 159 158 158 158 158 158 157 157 157 156 156 156 155 154 153 152 151 150 148 146 144 143 142 141 140 139 138 136 135 134 133 131 130 129 128 126 125 124 123 122 120 119 118 117 115 114 113 112 111 110 110 109 109 109 108 108 107 107 107 106 106 106 106 106 106
160 160 160 160 160 160 160 160 160 160 161 161 161 161 161 161 161 161 161 161 161 161 161 161 161 161 161 161 161 161 161 161 160 160 160 160 160 159 159 159 158 158 157 157 156 155 154 153 152 150 148 146 147 144 143 142 141 139 138 137 135 134 132 131 130 128 127 125 124 123 121 120 119 117 116 115 114 112 111 111 110 109 109 108 108 108 108 107 107 107 107 107 107 107 106 106
162 162 162 162 162 162 162 162 162 162 162 162 162 162 163 163 163 163 163 163 163 163 163 163 163 163 163 163 163 163 163 163 162 162 162 162 162 161 161 161 160 160 159 159 158 157 156 155 154 152 151 152 151 147 145 144 143 141 140 138 137 135 134 132 130 129 127 126 124 122 121 119 118 117 115 114 113 112 111 110 109 109 108 108 108 108 107 107 107 107 107 111 107 107 107 107
163 163 163 163 163 163 163 164 164 164 164 164 164 164 164 164 164 164 165 165 165 165 165 165 165 165 165 165 165 165 164 164 164 164 164 164 163 163 163 162 162 162 161 161 160 159 158 157 156 155 154 158 156 152 148 146 145 143 141 140 138 136 135 133 131 129 127 126 124 122 121 119 117 116 114 113 112 111 110 109 108 108 107 107 107 107 107 107 107 107 107 109 108 108 107 107
165 165 165 165 165 165 165 165 165 165 165 166 166 166 166 166 166 166 166 166 166 166 166 166 166 166 166 166 166 166 166 166 166 166 166 165 165 165 165 164 164 163 163 162 162 161 160 159 158 157 156 156 162 154 150 148 147 145 143 141 139 138 136 134 132 130 128 126 124 122 120 118 117 115 114 112 111 110 109 108 107 107 107 106 106 106 106 106 107 107 107 107 112 114 114 108
166 166 166 166 166 167 167 167 167 167 167 167 167 167 167 168 168 168 168 168 168 168 168 168 168 168 168 168 168 168 168 168 168 168 167 167 167 167 166 166 166 165 165 164 163 163 162 161 160 159 158 157 156 154 152 150 148 147 145 143 141 139 137 135 132 130 128 126 124 122 120 118 116 114 113 111 110 109 108 107 106 106 106 105 105 105 105 106 106 107 107 107 108 118 110 108
168 168 168 168 168 168 168 168 168 168 169 169 169 169 169 169 169 169 169 170 170 170 170 170 170 170 170 170 170 170 170 169 169 169 169 169 169 168 168 168 167 167 166 166 165 164 164 163 162 161 160 159 157 156 154 152 150 148 146 144 142 140 138 135 133 131 128 126 124 121 119 117 115 113 112 110 109 108 107 106 105 105 104 104 104 104 105 105 105 106 107 108 108 123 110 109
169 169 169 169 169 170 170 170 170 170 170 170 170 170 171 171 171 171 171 171 171 171 171 171 171 171 171 171 171 171 171 171 171 171 171 170 170 170 170 169 169 168 168 167 167 166 165 164 163 163 161 160 159 157 156 154 152 150 148 146 144 141 139 136 134 131 129 126 123 121 119 116 114 112 111 109 108 106 105 105 104 103 103 103 103 103 103 104 105 106 106 111 108 109 109 109
170 171 171 171 171 171 171 171 171 171 172 172 172 172 172 172 172 172 173 173 173 173 173 173 173 173 173 173 173 173 173 173 173 172 172 172 172 172 171 171 170 170 169 169 168 168 167 166 165 164 163 162 160 159 157 155 154 152 150 147 145 143 140 137 135 132 129 126 123 121 118 116 114 112 110 108 106 105 104 103 102 102 102 102 102 102 102 103 104 105 106 107 111 117 112 110
172 172 172 172 172 172 173 173 173 173 173 173 173 173 174 174 174 174 174 174 174 174 174 174 174 174 174 174 174 174 174 174 174 174 174 174 173 173 173 172 172 172 171 170 170 169 168 168 167 166 164 163 162 160 159 157 155 153 151 150 147 144 141 138 135 132 129 126 123 121 118 115 113 111 109 107 105 104 103 102 101 100 100 100 100 100 101 102 103 104 105 107 108 109 110 110
173 173 173 174 174 174 174 174 174 174 175 175 175 175 175 175 175 175 176 176 176 176 176 176 176 176 176 176 176 176 176 176 176 175 175 175 175 175 174 174 173 173 173 172 171 171 170 169 168 167 166 165 163 162 160 159 157 155 153 151 148 146 143 140 136 133 130 127 123 120 117 115 112 110 108 106 104 102 101 100 99 99 99 98 98 99 99 100 101 102 104 106 108 110 110 110
175 175 175 175 175 175 175 176 176 176 176 176 176 176 176 177 177 177 177 177 177 177 177 177 177 177 177 177 177 177 177 177 177 177 177 177 176 176 176 175 175 175 174 173 173 172 171 171 170 169 167 166 165 164 162 160 159 157 155 155 150 148 144 141 138 134 131 127 124 120 117 114 112 109 107 105 103 101 100 99 98 97 97 97 97 97 97 98 99 101 103 105 107 110 110 109
